1 1 1
1 2 1
1 3 1
2 4 1
2 5 1
2 6 1
3 7 1
3 8 1
3 9 1
3 10 1
3 11 1
3 12 1
3 13 1
3 14 1
4 15 1
4 16 1
4 17 1
4 18 1
4 19 1
4 20 1
5 13 1
6 7 1
6 21 1
6 22 1
6 23 1
6 24 1
6 16 1
6 25 1
6 9 1
6 10 1
6 26 1
6 27 1
6 19 1
6 13 1
6 28 1
6 29 1
6 30 1
6 31 1
6 32 1
6 33 1
6 34 1
6 35 1
6 36 1
6 2 1
6 37 1
6 38 1
6 39 1
6 40 1
6 41 1
6 42 1
6 43 1
6 14 1
6 44 1
6 45 1
6 46 1
6 47 1
6 48 1
6 49 1
6 50 1
6 51 1
6 52 1
6 53 1
6 54 1
6 55 1
6 56 1
6 57 1
6 58 1
7 14 1
8 59 1
8 60 1
8 61 1
8 62 1
8 63 1
8 64 1
8 65 1
8 66 1
8 67 1
8 68 1
8 69 1
8 70 1
8 11 1
8 28 1
8 29 1
8 71 1
8 72 1
8 32 1
8 73 1
8 74 1
8 75 1
8 44 1
8 76 1
8 48 1
8 49 1
8 77 1
8 78 1
8 79 1
8 80 1
8 81 1
8 82 1
8 83 1
8 84 1
8 85 1
8 86 1
8 87 1
8 88 1
8 89 1
8 90 1
8 91 1
8 92 1
8 93 1
8 94 1
8 95 1
8 96 1
8 97 1
8 98 1
8 99 1
8 100 1
8 101 1
8 102 1
8 103 1
8 104 1
8 105 1
8 106 1
8 107 1
8 55 1
8 108 1
9 109 1
9 38 1
9 40 1
9 44 1
9 110 1
9 111 1
9 112 1
9 113 1
10 114 1
10 36 1
10 38 1
10 40 1
10 44 1
10 115 1
10 116 1
10 111 1
11 7 1
11 117 1
11 118 1
11 119 1
11 109 1
11 120 1
11 15 1
11 65 1
11 24 1
11 114 1
11 121 1
11 16 1
11 25 1
11 122 1
11 123 1
11 9 1
11 10 1
11 18 1
11 69 1
11 19 1
11 124 1
11 13 1
11 28 1
11 33 1
11 35 1
11 36 1
11 2 1
11 38 1
11 39 1
11 40 1
11 44 1
11 125 1
11 126 1
11 127 1
11 128 1
11 129 1
11 79 1
11 130 1
11 131 1
11 132 1
11 133 1
11 134 1
11 135 1
11 53 1
11 54 1
11 116 1
11 111 1
11 136 1
11 137 1
11 106 1
12 34 1
12 138 1
12 14 1
12 82 1
13 14 1
13 88 1
14 14 1
15 120 1
15 65 1
15 46 1
15 139 1
16 60 1
16 21 1
16 120 1
16 140 1
16 141 1
16 65 1
16 142 1
16 122 1
16 143 1
16 18 1
16 144 1
16 28 1
16 145 1
16 36 1
16 43 1
16 14 1
16 5 1
16 6 1
16 146 1
16 147 1
16 148 1
17 69 1
17 13 1
17 149 1
18 150 1
19 26 1
19 49 1
20 43 1
21 138 1
22 75 1
22 43 1
23 124 1
24 142 1
24 69 1
24 70 1
24 27 1
24 151 1
24 152 1
24 153 1
25 14 1
26 15 1
26 16 1
26 14 1
26 5 1
26 6 1
26 154 1
26 79 1
26 80 1
26 81 1
26 155 1
26 156 1
27 36 1
27 149 1
27 80 1
28 8 1
28 36 1
28 14 1
28 149 1
28 80 1
29 15 1
29 16 1
30 157 1
30 12 1
31 18 1
31 12 1
32 141 1
32 121 1
32 18 1
32 19 1
32 12 1
32 13 1
32 71 1
32 158 1
32 75 1
32 40 1
32 47 1
32 159 1
32 88 1
32 160 1
32 161 1
32 3 1
33 7 1
33 117 1
33 118 1
33 119 1
33 59 1
33 162 1
33 163 1
33 164 1
33 24 1
33 18 1
33 68 1
33 69 1
33 70 1
33 27 1
33 19 1
33 46 1
33 127 1
33 151 1
34 22 1
34 140 1
34 141 1
34 16 1
34 122 1
34 165 1
34 166 1
34 11 1
34 124 1
34 29 1
34 167 1
34 14 1
34 46 1
34 168 1
34 130 1
34 169 1
34 170 1
35 109 1
35 171 1
35 24 1
35 172 1
35 16 1
35 17 1
35 9 1
35 10 1
35 18 1
35 68 1
35 27 1
35 19 1
35 28 1
35 14 1
35 44 1
35 46 1
35 125 1
35 173 1
35 6 1
35 86 1
35 88 1
35 174 1
35 58 1
36 16 1
36 17 1
36 175 1
36 68 1
36 19 1
36 176 1
36 34 1
36 158 1
36 75 1
36 47 1
36 79 1
36 80 1
36 81 1
36 155 1
36 177 1
36 178 1
36 179 1
37 1 1
37 20 1
37 168 1
38 22 1
38 120 1
38 180 1
38 121 1
38 157 1
38 18 1
38 68 1
38 70 1
38 12 1
38 124 1
38 29 1
38 181 1
38 34 1
38 14 1
38 182 1
38 168 1
38 126 1
38 77 1
38 160 1
38 183 1
38 184 1
38 185 1
38 111 1
38 178 1
38 186 1
38 187 1
38 188 1
38 189 1
38 190 1
38 106 1
38 55 1
38 56 1
38 57 1
39 13 1
40 8 1
40 28 1
40 71 1
40 158 1
40 75 1
40 43 1
40 191 1
40 192 1
40 193 1
40 194 1
40 195 1
40 52 1
40 136 1
40 196 1
40 106 1
40 55 1
41 7 1
41 8 1
41 9 1
41 10 1
41 124 1
41 33 1
41 2 1
41 37 1
41 38 1
41 39 1
41 40 1
41 14 1
41 47 1
41 50 1
41 131 1
41 52 1
41 178 1
42 18 1
42 19 1
43 5 1
43 6 1
44 162 1
44 164 1
44 197 1
44 10 1
44 198 1
44 138 1
44 125 1
44 199 1
44 92 1
44 148 1
44 108 1
45 200 1
46 164 1
46 14 1
47 154 1
48 44 1
49 180 1
49 14 1
49 125 1
49 201 1
49 88 1
49 148 1
49 202 1
50 7 1
50 117 1
50 118 1
50 119 1
50 59 1
50 162 1
50 163 1
50 164 1
50 109 1
50 60 1
50 21 1
50 203 1
50 120 1
50 140 1
50 171 1
50 23 1
50 15 1
50 204 1
50 141 1
50 205 1
50 206 1
50 207 1
50 1 1
50 65 1
50 24 1
50 172 1
50 142 1
50 208 1
50 180 1
50 121 1
50 209 1
50 16 1
50 17 1
50 25 1
50 210 1
50 122 1
50 123 1
50 157 1
50 8 1
50 9 1
50 10 1
50 211 1
50 18 1
50 68 1
50 212 1
50 213 1
50 69 1
50 70 1
50 166 1
50 26 1
50 214 1
50 27 1
50 144 1
50 19 1
50 12 1
50 13 1
50 28 1
50 215 1
50 216 1
50 29 1
50 30 1
50 31 1
50 217 1
50 71 1
50 72 1
50 32 1
50 218 1
50 176 1
50 34 1
50 35 1
50 36 1
50 2 1
50 167 1
50 138 1
50 219 1
50 158 1
50 75 1
50 220 1
50 37 1
50 38 1
50 39 1
50 221 1
50 40 1
50 41 1
50 42 1
50 150 1
50 43 1
50 222 1
50 14 1
50 44 1
50 110 1
50 45 1
50 223 1
50 76 1
50 224 1
50 46 1
50 125 1
50 47 1
50 225 1
50 226 1
50 168 1
50 126 1
50 227 1
50 48 1
50 149 1
50 49 1
50 77 1
50 78 1
50 173 1
50 228 1
50 229 1
50 5 1
50 6 1
50 154 1
50 128 1
50 129 1
50 191 1
50 230 1
50 199 1
50 231 1
50 79 1
50 80 1
50 81 1
50 155 1
50 50 1
50 232 1
50 233 1
50 234 1
50 235 1
50 82 1
50 236 1
50 237 1
50 83 1
50 201 1
50 177 1
50 130 1
50 84 1
50 238 1
50 239 1
50 86 1
50 87 1
50 88 1
50 51 1
50 146 1
50 240 1
50 241 1
50 242 1
50 194 1
50 243 1
50 131 1
50 134 1
50 195 1
50 244 1
50 245 1
50 246 1
50 247 1
50 248 1
50 52 1
50 249 1
50 250 1
50 251 1
50 252 1
50 94 1
50 178 1
50 253 1
50 254 1
50 255 1
50 169 1
50 3 1
50 96 1
50 256 1
50 257 1
50 258 1
50 259 1
50 260 1
50 261 1
50 262 1
50 263 1
50 264 1
50 265 1
50 266 1
50 267 1
50 196 1
50 268 1
50 269 1
50 270 1
50 271 1
50 272 1
50 273 1
50 274 1
50 275 1
50 276 1
50 190 1
50 200 1
50 106 1
50 277 1
50 278 1
50 148 1
50 279 1
50 55 1
50 56 1
50 280 1
51 172 1
51 18 1
51 19 1
51 28 1
51 71 1
51 158 1
51 75 1
51 43 1
51 55 1
51 56 1
52 40 1
52 190 1
53 7 1
53 164 1
53 120 1
53 171 1
53 23 1
53 65 1
53 165 1
53 175 1
53 10 1
53 68 1
53 166 1
53 19 1
53 13 1
53 30 1
53 31 1
53 281 1
53 33 1
53 37 1
53 38 1
53 39 1
53 42 1
53 43 1
53 14 1
53 110 1
53 46 1
53 125 1
53 168 1
53 191 1
53 230 1
53 199 1
53 231 1
53 282 1
53 283 1
53 79 1
53 50 1
53 88 1
53 192 1
53 193 1
53 194 1
53 131 1
53 246 1
53 280 1
54 120 1
54 1 1
54 123 1
54 157 1
54 10 1
54 28 1
54 145 1
54 181 1
54 30 1
54 31 1
54 71 1
54 72 1
54 75 1
54 284 1
54 154 1
54 285 1
54 91 1
54 286 1
54 287 1
54 288 1
54 289 1
54 290 1
54 291 1
54 292 1
54 293 1
54 294 1
54 295 1
54 296 1
54 275 1
54 56 1
55 14 1
56 8 1
56 30 1
56 31 1
56 37 1
56 38 1
56 52 1
56 280 1
57 230 1
58 150 1
58 14 1
58 112 1
59 7 1
59 117 1
59 118 1
59 119 1
59 59 1
59 162 1
59 163 1
59 164 1
59 109 1
59 60 1
59 21 1
59 197 1
59 22 1
59 120 1
59 140 1
59 171 1
59 23 1
59 15 1
59 297 1
59 204 1
59 298 1
59 299 1
59 300 1
59 141 1
59 301 1
59 1 1
59 65 1
59 24 1
59 172 1
59 302 1
59 208 1
59 180 1
59 303 1
59 304 1
59 114 1
59 305 1
59 17 1
59 306 1
59 25 1
59 165 1
59 123 1
59 157 1
59 8 1
59 175 1
59 143 1
59 10 1
59 18 1
59 68 1
59 213 1
59 69 1
59 70 1
59 11 1
59 26 1
59 27 1
59 19 1
59 12 1
59 124 1
59 13 1
59 28 1
59 216 1
59 29 1
59 145 1
59 181 1
59 30 1
59 31 1
59 217 1
59 71 1
59 72 1
59 307 1
59 32 1
59 33 1
59 176 1
59 36 1
59 2 1
59 167 1
59 4 1
59 138 1
59 219 1
59 158 1
59 75 1
59 37 1
59 38 1
59 39 1
59 221 1
59 40 1
59 42 1
59 308 1
59 20 1
59 43 1
59 222 1
59 14 1
59 44 1
59 309 1
59 182 1
59 110 1
59 310 1
59 311 1
59 223 1
59 76 1
59 224 1
59 46 1
59 125 1
59 47 1
59 225 1
59 168 1
59 227 1
59 48 1
59 312 1
59 149 1
59 77 1
59 173 1
59 5 1
59 6 1
59 154 1
59 128 1
59 230 1
59 199 1
59 79 1
59 80 1
59 81 1
59 155 1
59 50 1
59 234 1
59 235 1
59 82 1
59 236 1
59 237 1
59 313 1
59 83 1
59 201 1
59 314 1
59 130 1
59 84 1
59 87 1
59 159 1
59 88 1
59 146 1
59 315 1
59 89 1
59 240 1
59 241 1
59 316 1
59 317 1
59 193 1
59 194 1
59 131 1
59 132 1
59 91 1
59 318 1
59 183 1
59 244 1
59 92 1
59 246 1
59 247 1
59 185 1
59 54 1
59 250 1
59 251 1
59 252 1
59 116 1
59 111 1
59 151 1
59 178 1
59 319 1
59 320 1
59 136 1
59 321 1
59 254 1
59 169 1
59 161 1
59 3 1
59 322 1
59 323 1
59 324 1
59 325 1
59 112 1
59 326 1
59 327 1
59 328 1
59 329 1
59 330 1
59 263 1
59 264 1
59 266 1
59 196 1
59 331 1
59 332 1
59 269 1
59 333 1
59 334 1
59 335 1
59 295 1
59 187 1
59 147 1
59 336 1
59 271 1
59 337 1
59 338 1
59 273 1
59 339 1
59 340 1
59 104 1
59 341 1
59 106 1
59 107 1
59 153 1
59 342 1
59 55 1
59 202 1
59 56 1
59 280 1
59 343 1
59 113 1
59 58 1
60 19 1
60 14 1
61 7 1
61 117 1
61 119 1
61 163 1
61 109 1
61 60 1
61 22 1
61 171 1
61 15 1
61 141 1
61 344 1
61 207 1
61 1 1
61 65 1
61 24 1
61 114 1
61 17 1
61 306 1
61 25 1
61 210 1
61 165 1
61 9 1
61 10 1
61 18 1
61 68 1
61 69 1
61 166 1
61 11 1
61 26 1
61 214 1
61 19 1
61 12 1
61 124 1
61 13 1
61 28 1
61 216 1
61 30 1
61 31 1
61 345 1
61 176 1
61 34 1
61 2 1
61 138 1
61 219 1
61 38 1
61 39 1
61 42 1
61 14 1
61 44 1
61 182 1
61 110 1
61 223 1
61 46 1
61 125 1
61 47 1
61 77 1
61 78 1
61 6 1
61 154 1
61 79 1
61 155 1
61 156 1
61 177 1
61 346 1
61 87 1
61 88 1
61 51 1
61 146 1
61 315 1
61 243 1
61 91 1
61 347 1
61 135 1
61 52 1
61 53 1
61 54 1
61 252 1
61 348 1
61 151 1
61 178 1
61 169 1
61 3 1
61 265 1
61 266 1
61 267 1
61 196 1
61 331 1
61 349 1
61 272 1
61 200 1
61 106 1
61 56 1
61 148 1
61 280 1
61 343 1
62 77 1
63 7 1
63 117 1
63 118 1
63 119 1
63 59 1
63 162 1
63 163 1
63 164 1
63 109 1
63 60 1
63 120 1
63 23 1
63 204 1
63 350 1
63 141 1
63 351 1
63 24 1
63 172 1
63 352 1
63 208 1
63 180 1
63 305 1
63 306 1
63 25 1
63 165 1
63 123 1
63 8 1
63 175 1
63 9 1
63 143 1
63 10 1
63 18 1
63 68 1
63 11 1
63 26 1
63 214 1
63 19 1
63 13 1
63 281 1
63 36 1
63 2 1
63 138 1
63 219 1
63 158 1
63 37 1
63 38 1
63 39 1
63 40 1
63 41 1
63 42 1
63 150 1
63 14 1
63 44 1
63 45 1
63 223 1
63 76 1
63 225 1
63 126 1
63 149 1
63 49 1
63 77 1
63 154 1
63 230 1
63 199 1
63 81 1
63 155 1
63 234 1
63 235 1
63 130 1
63 238 1
63 88 1
63 51 1
63 146 1
63 160 1
63 240 1
63 241 1
63 242 1
63 91 1
63 286 1
63 287 1
63 288 1
63 289 1
63 290 1
63 291 1
63 292 1
63 293 1
63 183 1
63 247 1
63 52 1
63 252 1
63 94 1
63 95 1
63 326 1
63 152 1
63 353 1
63 354 1
63 272 1
63 273 1
63 105 1
63 200 1
63 106 1
63 355 1
63 148 1
63 55 1
63 56 1
63 113 1
63 58 1
64 118 1
64 109 1
64 65 1
64 9 1
64 10 1
64 356 1
64 138 1
64 14 1
64 6 1
64 88 1
65 119 1
65 164 1
65 109 1
65 60 1
65 22 1
65 120 1
65 171 1
65 23 1
65 15 1
65 141 1
65 1 1
65 65 1
65 24 1
65 180 1
65 114 1
65 16 1
65 17 1
65 122 1
65 165 1
65 157 1
65 175 1
65 9 1
65 10 1
65 18 1
65 69 1
65 19 1
65 12 1
65 13 1
65 216 1
65 29 1
65 181 1
65 30 1
65 281 1
65 357 1
65 71 1
65 72 1
65 176 1
65 36 1
65 167 1
65 75 1
65 39 1
65 40 1
65 42 1
65 43 1
65 222 1
65 14 1
65 44 1
65 358 1
65 110 1
65 223 1
65 125 1
65 47 1
65 227 1
65 77 1
65 78 1
65 173 1
65 154 1
65 79 1
65 155 1
65 50 1
65 88 1
65 51 1
65 146 1
65 160 1
65 131 1
65 92 1
65 246 1
65 178 1
65 319 1
65 169 1
65 3 1
65 322 1
65 359 1
65 97 1
65 295 1
65 276 1
65 278 1
65 360 1
65 148 1
65 55 1
66 15 1
66 16 1
66 11 1
66 138 1
66 308 1
66 91 1
67 138 1
67 219 1
67 14 1
67 110 1
67 77 1
68 164 1
68 24 1
68 19 1
68 2 1
68 14 1
68 3 1
69 15 1
69 65 1
69 16 1
69 11 1
69 29 1
69 36 1
69 138 1
69 308 1
69 14 1
69 110 1
69 168 1
69 126 1
69 227 1
69 78 1
69 148 1
70 14 1
70 88 1
71 46 1
71 125 1
72 117 1
73 306 1
74 193 1
74 194 1
75 19 1
75 149 1
75 228 1
75 89 1
76 141 1
76 18 1
76 166 1
76 2 1
76 136 1
77 141 1
78 223 1
79 223 1
80 120 1
80 76 1
80 168 1
81 18 1
82 141 1
82 24 1
82 8 1
82 361 1
82 38 1
82 39 1
82 14 1
82 110 1
82 48 1
82 149 1
82 316 1
82 194 1
82 362 1
83 7 1
83 14 1
83 46 1
84 93 1
85 15 1
86 8 1
86 10 1
86 219 1
86 88 1
87 6 1
88 119 1
88 141 1
88 216 1
88 182 1
89 19 1
90 24 1
90 9 1
90 10 1
90 19 1
90 14 1
90 363 1
91 22 1
91 24 1
91 10 1
91 28 1
92 7 1
92 117 1
92 118 1
92 119 1
92 59 1
92 162 1
92 163 1
92 164 1
92 60 1
92 22 1
92 120 1
92 140 1
92 23 1
92 15 1
92 1 1
92 65 1
92 24 1
92 172 1
92 142 1
92 208 1
92 121 1
92 17 1
92 122 1
92 157 1
92 8 1
92 175 1
92 9 1
92 10 1
92 18 1
92 27 1
92 19 1
92 12 1
92 13 1
92 28 1
92 71 1
92 32 1
92 33 1
92 158 1
92 75 1
92 38 1
92 39 1
92 42 1
92 43 1
92 14 1
92 223 1
92 224 1
92 46 1
92 47 1
92 126 1
92 227 1
92 173 1
92 5 1
92 6 1
92 230 1
92 79 1
92 81 1
92 50 1
92 364 1
92 314 1
92 88 1
92 240 1
92 241 1
92 135 1
92 53 1
92 178 1
92 254 1
92 161 1
92 325 1
92 256 1
92 365 1
92 366 1
92 270 1
92 338 1
92 367 1
92 273 1
92 368 1
92 148 1
92 55 1
93 7 1
93 117 1
93 118 1
93 59 1
93 21 1
93 203 1
93 22 1
93 140 1
93 23 1
93 15 1
93 369 1
93 204 1
93 141 1
93 63 1
93 65 1
93 24 1
93 172 1
93 370 1
93 371 1
93 372 1
93 180 1
93 304 1
93 114 1
93 16 1
93 17 1
93 25 1
93 210 1
93 122 1
93 123 1
93 157 1
93 8 1
93 175 1
93 9 1
93 143 1
93 10 1
93 18 1
93 68 1
93 198 1
93 69 1
93 70 1
93 166 1
93 11 1
93 27 1
93 19 1
93 13 1
93 28 1
93 216 1
93 29 1
93 30 1
93 31 1
93 357 1
93 345 1
93 71 1
93 72 1
93 307 1
93 218 1
93 176 1
93 35 1
93 36 1
93 2 1
93 138 1
93 219 1
93 158 1
93 75 1
93 37 1
93 38 1
93 39 1
93 40 1
93 150 1
93 308 1
93 43 1
93 14 1
93 44 1
93 358 1
93 309 1
93 45 1
93 373 1
93 223 1
93 76 1
93 224 1
93 46 1
93 125 1
93 225 1
93 168 1
93 48 1
93 149 1
93 49 1
93 77 1
93 78 1
93 127 1
93 374 1
93 5 1
93 128 1
93 79 1
93 50 1
93 234 1
93 83 1
93 177 1
93 314 1
93 130 1
93 346 1
93 84 1
93 238 1
93 85 1
93 239 1
93 86 1
93 87 1
93 88 1
93 51 1
93 146 1
93 89 1
93 242 1
93 193 1
93 194 1
93 131 1
93 91 1
93 174 1
93 246 1
93 52 1
93 252 1
93 95 1
93 116 1
93 178 1
93 136 1
93 321 1
93 169 1
93 3 1
93 265 1
93 295 1
93 375 1
93 349 1
93 270 1
93 271 1
93 272 1
93 275 1
93 376 1
93 189 1
93 200 1
93 106 1
93 355 1
93 148 1
93 55 1
93 202 1
93 56 1
93 57 1
93 280 1
93 113 1
94 19 1
95 15 1
95 204 1
95 24 1
95 114 1
95 306 1
95 216 1
95 2 1
95 4 1
95 14 1
95 46 1
95 125 1
95 239 1
95 88 1
95 316 1
95 3 1
95 377 1
95 55 1
96 18 1
97 59 1
97 162 1
97 22 1
97 140 1
97 24 1
97 13 1
97 32 1
97 2 1
97 73 1
97 138 1
97 38 1
97 39 1
97 168 1
97 5 1
97 89 1
97 335 1
98 14 1
98 126 1
98 78 1
98 80 1
99 19 1
100 138 1
100 234 1
100 235 1
100 82 1
100 236 1
100 177 1
100 54 1
100 323 1
101 121 1
101 182 1
101 378 1
102 19 1
102 14 1
102 128 1
103 65 1
103 14 1
104 19 1
105 24 1
105 18 1
105 19 1
105 14 1
105 154 1
105 128 1
105 234 1
105 131 1
105 112 1
106 201 1
107 21 1
107 140 1
107 24 1
107 9 1
107 143 1
107 18 1
107 12 1
107 32 1
107 167 1
107 222 1
107 14 1
107 47 1
107 227 1
107 234 1
107 116 1
107 178 1
107 113 1
108 33 1
108 37 1
108 38 1
108 39 1
108 14 1
108 5 1
108 6 1
108 154 1
108 379 1
108 252 1
109 38 1
110 7 1
110 117 1
110 118 1
110 119 1
110 59 1
110 162 1
110 163 1
110 164 1
111 15 1
111 16 1
111 150 1
112 63 1
112 19 1
113 204 1
113 33 1
114 78 1
115 380 1
116 36 1
116 14 1
116 125 1
116 49 1
116 130 1
117 18 1
118 19 1
119 7 1
119 117 1
119 118 1
119 119 1
119 59 1
119 162 1
119 163 1
119 164 1
119 109 1
119 21 1
119 203 1
119 15 1
119 141 1
119 65 1
119 305 1
119 8 1
119 175 1
119 68 1
119 69 1
119 27 1
119 144 1
119 19 1
119 30 1
119 31 1
119 345 1
119 72 1
119 176 1
119 34 1
119 35 1
119 219 1
119 37 1
119 38 1
119 39 1
119 41 1
119 42 1
119 308 1
119 14 1
119 44 1
119 77 1
119 78 1
119 154 1
119 81 1
119 91 1
119 52 1
119 272 1
119 381 1
119 148 1
119 280 1
119 113 1
120 7 1
120 117 1
120 118 1
120 119 1
120 59 1
120 162 1
120 163 1
120 164 1
120 109 1
120 171 1
120 23 1
120 15 1
120 1 1
120 65 1
120 24 1
120 25 1
120 210 1
120 8 1
120 175 1
120 9 1
120 10 1
120 11 1
120 28 1
120 176 1
120 35 1
120 73 1
120 138 1
120 37 1
120 38 1
120 39 1
120 221 1
120 40 1
120 43 1
120 224 1
120 47 1
120 168 1
120 126 1
120 154 1
120 146 1
120 240 1
120 241 1
120 131 1
120 135 1
120 52 1
120 54 1
120 151 1
120 359 1
120 152 1
120 265 1
120 266 1
120 267 1
120 196 1
120 331 1
120 382 1
120 383 1
120 268 1
120 349 1
120 200 1
120 384 1
120 385 1
120 113 1
120 58 1
121 60 1
121 308 1
121 48 1
121 5 1
122 46 1
123 118 1
123 120 1
123 121 1
123 175 1
123 143 1
123 10 1
123 18 1
123 68 1
123 176 1
123 34 1
123 40 1
123 14 1
123 44 1
123 358 1
123 182 1
123 125 1
123 47 1
123 6 1
123 79 1
123 238 1
123 240 1
123 131 1
123 386 1
123 137 1
123 106 1
123 55 1
124 119 1
124 25 1
124 28 1
124 40 1
124 242 1
124 195 1
124 151 1
124 387 1
125 252 1
126 7 1
126 117 1
126 118 1
126 109 1
126 60 1
126 63 1
126 24 1
126 388 1
126 180 1
126 114 1
126 305 1
126 389 1
126 16 1
126 210 1
126 8 1
126 9 1
126 10 1
126 18 1
126 69 1
126 11 1
126 19 1
126 12 1
126 31 1
126 33 1
126 176 1
126 2 1
126 73 1
126 138 1
126 158 1
126 37 1
126 39 1
126 40 1
126 42 1
126 43 1
126 14 1
126 44 1
126 110 1
126 224 1
126 47 1
126 48 1
126 149 1
126 77 1
126 127 1
126 173 1
126 154 1
126 191 1
126 283 1
126 80 1
126 50 1
126 86 1
126 88 1
126 51 1
126 146 1
126 131 1
126 247 1
126 252 1
126 94 1
126 95 1
126 294 1
126 178 1
126 3 1
126 330 1
126 262 1
126 390 1
126 349 1
126 391 1
126 392 1
126 384 1
126 393 1
126 394 1
126 55 1
126 343 1
126 113 1
126 58 1
127 42 1
127 14 1
128 281 1
129 145 1
130 298 1
130 124 1
130 30 1
130 31 1
130 310 1
130 373 1
130 191 1
131 204 1
131 13 1
131 88 1
132 23 1
132 204 1
132 14 1
132 88 1
132 395 1
133 19 1
134 194 1
134 267 1
135 33 1
135 14 1
135 5 1
135 6 1
135 154 1
136 14 1
137 306 1
138 19 1
139 260 1
139 170 1
139 396 1
139 354 1
139 279 1
140 69 1
140 168 1
140 316 1
140 52 1
141 19 1
142 7 1
142 163 1
142 140 1
142 15 1
142 141 1
142 24 1
142 17 1
142 175 1
142 18 1
142 69 1
142 27 1
142 72 1
142 2 1
142 37 1
142 38 1
142 39 1
142 308 1
142 46 1
142 125 1
142 50 1
142 84 1
142 131 1
142 252 1
142 362 1
142 169 1
142 106 1
142 343 1
143 18 1
144 225 1
145 7 1
145 119 1
145 60 1
145 22 1
145 171 1
145 23 1
145 141 1
145 65 1
145 397 1
145 142 1
145 398 1
145 114 1
145 306 1
145 122 1
145 123 1
145 175 1
145 9 1
145 10 1
145 18 1
145 68 1
145 69 1
145 166 1
145 26 1
145 144 1
145 19 1
145 12 1
145 13 1
145 28 1
145 216 1
145 29 1
145 145 1
145 181 1
145 31 1
145 281 1
145 71 1
145 176 1
145 36 1
145 73 1
145 158 1
145 75 1
145 220 1
145 38 1
145 42 1
145 150 1
145 308 1
145 20 1
145 43 1
145 222 1
145 14 1
145 44 1
145 223 1
145 224 1
145 46 1
145 125 1
145 225 1
145 126 1
145 48 1
145 149 1
145 78 1
145 5 1
145 154 1
145 191 1
145 230 1
145 199 1
145 231 1
145 79 1
145 81 1
145 50 1
145 399 1
145 364 1
145 400 1
145 313 1
145 201 1
145 177 1
145 401 1
145 86 1
145 88 1
145 242 1
145 132 1
145 183 1
145 247 1
145 252 1
145 94 1
145 294 1
145 178 1
145 136 1
145 359 1
145 186 1
145 200 1
145 106 1
145 385 1
145 360 1
145 148 1
145 55 1
145 57 1
145 113 1
146 14 1
146 88 1
147 22 1
147 120 1
147 140 1
147 23 1
147 141 1
147 65 1
147 142 1
147 25 1
147 165 1
147 123 1
147 9 1
147 10 1
147 68 1
147 166 1
147 27 1
147 124 1
147 13 1
147 28 1
147 216 1
147 29 1
147 181 1
147 30 1
147 31 1
147 357 1
147 71 1
147 72 1
147 36 1
147 2 1
147 73 1
147 38 1
147 41 1
147 43 1
147 222 1
147 14 1
147 358 1
147 110 1
147 45 1
147 223 1
147 46 1
147 125 1
147 225 1
147 227 1
147 49 1
147 77 1
147 78 1
147 191 1
147 230 1
147 199 1
147 231 1
147 79 1
147 156 1
147 50 1
147 201 1
147 130 1
147 88 1
147 242 1
147 192 1
147 194 1
147 131 1
147 195 1
147 139 1
147 252 1
147 116 1
147 295 1
147 402 1
147 403 1
147 106 1
147 148 1
147 202 1
147 56 1
147 280 1
148 404 1
149 18 1
149 70 1
149 19 1
149 37 1
149 38 1
149 52 1
150 97 1
150 179 1
150 262 1
150 263 1
150 264 1
150 265 1
150 266 1
150 196 1
150 331 1
150 382 1
150 383 1
150 268 1
151 19 1
152 14 1
153 405 1
153 133 1
153 184 1
154 158 1
154 14 1
155 157 1
155 9 1
155 69 1
155 83 1
155 89 1
155 406 1
155 407 1
156 204 1
156 2 1
156 167 1
156 224 1
156 51 1
156 146 1
157 138 1
158 204 1
159 7 1
159 117 1
159 118 1
159 119 1
159 59 1
159 162 1
159 163 1
159 164 1
159 109 1
159 60 1
159 140 1
159 15 1
159 1 1
159 65 1
159 302 1
159 114 1
159 305 1
159 16 1
159 165 1
159 8 1
159 175 1
159 9 1
159 10 1
159 68 1
159 19 1
159 12 1
159 216 1
159 29 1
159 181 1
159 71 1
159 72 1
159 34 1
159 36 1
159 167 1
159 39 1
159 40 1
159 41 1
159 42 1
159 14 1
159 358 1
159 46 1
159 47 1
159 49 1
159 78 1
159 154 1
159 191 1
159 230 1
159 199 1
159 231 1
159 282 1
159 283 1
159 50 1
159 88 1
159 160 1
159 131 1
159 294 1
159 136 1
159 3 1
159 106 1
159 107 1
159 360 1
159 148 1
159 57 1
159 113 1
160 280 1
161 15 1
161 16 1
161 36 1
161 149 1
161 80 1
162 14 1
162 168 1
162 227 1
162 77 1
163 7 1
163 117 1
163 118 1
163 119 1
163 59 1
163 162 1
163 120 1
163 140 1
163 23 1
163 15 1
163 1 1
163 24 1
163 180 1
163 114 1
163 305 1
163 121 1
163 16 1
163 17 1
163 25 1
163 408 1
163 123 1
163 175 1
163 10 1
163 69 1
163 11 1
163 19 1
163 124 1
163 13 1
163 28 1
163 216 1
163 30 1
163 345 1
163 71 1
163 72 1
163 33 1
163 36 1
163 2 1
163 138 1
163 219 1
163 158 1
163 75 1
163 39 1
163 41 1
163 42 1
163 308 1
163 14 1
163 44 1
163 358 1
163 182 1
163 45 1
163 310 1
163 223 1
163 224 1
163 47 1
163 168 1
163 126 1
163 227 1
163 149 1
163 49 1
163 77 1
163 127 1
163 173 1
163 374 1
163 229 1
163 5 1
163 6 1
163 409 1
163 191 1
163 230 1
163 199 1
163 79 1
163 80 1
163 81 1
163 156 1
163 364 1
163 234 1
163 380 1
163 314 1
163 238 1
163 239 1
163 86 1
163 51 1
163 146 1
163 240 1
163 241 1
163 242 1
163 193 1
163 194 1
163 379 1
163 183 1
163 115 1
163 246 1
163 135 1
163 52 1
163 185 1
163 94 1
163 362 1
163 169 1
163 3 1
163 323 1
163 410 1
163 326 1
163 327 1
163 259 1
163 265 1
163 266 1
163 267 1
163 196 1
163 331 1
163 382 1
163 383 1
163 268 1
163 411 1
163 412 1
163 269 1
163 333 1
163 104 1
163 55 1
163 202 1
163 343 1
164 8 1
164 30 1
164 31 1
164 37 1
164 38 1
164 39 1
164 52 1
164 280 1
165 135 1
166 28 1
166 71 1
166 158 1
166 75 1
166 43 1
166 55 1
167 65 1
167 28 1
167 71 1
167 34 1
167 158 1
167 75 1
167 43 1
167 55 1
168 204 1
169 118 1
169 60 1
169 22 1
169 120 1
169 15 1
169 204 1
169 1 1
169 121 1
169 8 1
169 18 1
169 11 1
169 12 1
169 216 1
169 29 1
169 71 1
169 72 1
169 37 1
169 38 1
169 39 1
169 46 1
169 126 1
169 48 1
169 5 1
169 84 1
169 193 1
169 194 1
169 413 1
169 414 1
169 336 1
169 415 1
170 204 1
171 117 1
171 15 1
171 416 1
171 204 1
171 175 1
171 166 1
171 19 1
171 13 1
171 2 1
171 73 1
171 138 1
171 43 1
171 14 1
171 168 1
171 227 1
171 77 1
171 173 1
171 5 1
171 6 1
171 154 1
171 79 1
171 80 1
171 81 1
171 155 1
171 88 1
171 184 1
171 417 1
171 53 1
171 136 1
171 275 1
172 204 1
173 24 1
173 9 1
173 10 1
173 124 1
173 30 1
173 138 1
173 219 1
173 225 1
173 127 1
173 86 1
173 193 1
173 134 1
174 1 1
174 10 1
174 69 1
174 11 1
174 219 1
174 110 1
174 321 1
175 46 1
175 125 1
176 60 1
176 19 1
176 14 1
176 311 1
176 46 1
176 125 1
176 47 1
176 5 1
176 148 1
177 148 1
178 65 1
178 18 1
178 11 1
178 127 1
178 115 1
179 65 1
179 121 1
179 30 1
180 7 1
180 22 1
180 120 1
180 142 1
180 19 1
180 13 1
180 28 1
180 30 1
180 31 1
180 71 1
180 158 1
180 75 1
180 42 1
180 43 1
180 14 1
180 227 1
180 148 1
180 55 1
180 280 1
181 388 1
181 418 1
181 208 1
181 185 1
181 419 1
181 57 1
182 65 1
182 18 1
182 11 1
182 37 1
182 39 1
182 110 1
182 224 1
182 51 1
183 46 1
184 204 1
184 316 1
185 59 1
185 21 1
185 15 1
185 204 1
185 16 1
185 17 1
185 10 1
185 11 1
185 19 1
185 28 1
185 41 1
185 20 1
185 43 1
185 14 1
185 173 1
185 177 1
185 135 1
185 112 1
185 340 1
186 7 1
186 117 1
186 118 1
186 119 1
186 59 1
186 162 1
186 163 1
186 164 1
186 15 1
186 16 1
186 17 1
186 175 1
186 19 1
186 150 1
186 308 1
186 14 1
186 46 1
186 168 1
186 149 1
186 49 1
186 343 1
187 16 1
187 17 1
187 79 1
187 80 1
188 14 1
189 10 1
190 204 1
190 67 1
190 68 1
190 216 1
190 146 1
190 90 1
190 152 1
190 258 1
191 7 1
191 117 1
191 118 1
191 119 1
191 59 1
191 162 1
191 163 1
191 164 1
191 420 1
191 24 1
191 172 1
191 121 1
191 18 1
191 19 1
191 216 1
191 29 1
191 14 1
191 44 1
191 76 1
191 46 1
191 125 1
191 126 1
191 227 1
191 5 1
191 85 1
191 421 1
192 22 1
192 19 1
192 75 1
192 14 1
192 225 1
192 273 1
193 118 1
193 18 1
193 5 1
193 154 1
194 122 1
195 19 1
196 51 1
196 146 1
197 5 1
197 257 1
198 24 1
198 19 1
198 12 1
198 216 1
198 14 1
198 44 1
198 168 1
198 6 1
198 80 1
198 234 1
198 116 1
198 362 1
199 44 1
200 2 1
201 281 1
202 24 1
202 19 1
202 5 1
202 6 1
202 154 1
202 83 1
203 44 1
204 140 1
204 175 1
204 124 1
204 41 1
204 358 1
204 364 1
205 8 1
205 12 1
205 33 1
205 39 1
205 14 1
205 45 1
205 126 1
206 120 1
206 15 1
206 65 1
206 16 1
206 143 1
206 10 1
206 19 1
206 13 1
206 40 1
206 42 1
206 150 1
206 222 1
206 14 1
206 227 1
206 50 1
206 88 1
206 131 1
206 91 1
206 422 1
206 174 1
206 178 1
206 423 1
206 200 1
206 56 1
207 118 1
207 120 1
207 122 1
207 37 1
207 311 1
207 160 1
207 424 1
207 320 1
207 56 1
208 50 1
209 14 1
210 1 1
210 65 1
210 165 1
210 9 1
210 11 1
210 12 1
210 13 1
210 28 1
210 216 1
210 71 1
210 73 1
210 138 1
210 219 1
210 158 1
210 75 1
210 43 1
210 14 1
210 77 1
210 50 1
210 425 1
210 238 1
210 88 1
210 91 1
210 95 1
210 151 1
210 255 1
210 426 1
210 427 1
210 190 1
210 148 1
210 55 1
211 125 1
212 65 1
212 175 1
212 19 1
212 12 1
212 13 1
212 28 1
212 71 1
212 158 1
212 75 1
212 43 1
212 55 1
213 65 1
213 30 1
213 270 1
214 46 1
215 88 1
216 21 1
216 120 1
216 140 1
216 65 1
216 114 1
216 18 1
216 68 1
216 69 1
216 26 1
216 19 1
216 12 1
216 124 1
216 13 1
216 28 1
216 216 1
216 29 1
216 145 1
216 217 1
216 71 1
216 36 1
216 73 1
216 158 1
216 75 1
216 150 1
216 43 1
216 14 1
216 224 1
216 46 1
216 125 1
216 47 1
216 126 1
216 227 1
216 78 1
216 5 1
216 6 1
216 154 1
216 86 1
216 88 1
216 51 1
216 146 1
216 428 1
216 104 1
216 55 1
217 143 1
217 19 1
217 216 1
217 182 1
217 79 1
217 50 1
217 177 1
217 429 1
217 139 1
217 252 1
217 348 1
217 430 1
217 338 1
217 190 1
218 65 1
218 114 1
218 305 1
218 165 1
218 28 1
218 71 1
218 158 1
218 75 1
218 43 1
218 168 1
218 364 1
218 55 1
219 7 1
219 117 1
219 118 1
219 119 1
219 59 1
219 162 1
219 163 1
219 164 1
219 109 1
219 171 1
219 65 1
219 24 1
219 172 1
219 175 1
219 9 1
219 10 1
219 18 1
219 11 1
219 405 1
219 19 1
219 12 1
219 124 1
219 28 1
219 216 1
219 29 1
219 145 1
219 181 1
219 71 1
219 176 1
219 34 1
219 2 1
219 73 1
219 219 1
219 158 1
219 75 1
219 40 1
219 43 1
219 76 1
219 46 1
219 125 1
219 47 1
219 225 1
219 227 1
219 48 1
219 149 1
219 77 1
219 229 1
219 5 1
219 6 1
219 81 1
219 431 1
219 400 1
219 346 1
219 86 1
219 88 1
219 51 1
219 316 1
219 115 1
219 135 1
219 147 1
219 407 1
219 190 1
219 55 1
219 343 1
220 171 1
220 5 1
220 6 1
220 79 1
221 65 1
221 216 1
221 29 1
221 181 1
221 47 1
221 88 1
221 51 1
221 146 1
222 175 1
222 19 1
222 13 1
222 28 1
222 71 1
222 158 1
222 75 1
222 40 1
222 42 1
222 43 1
222 201 1
222 252 1
222 190 1
222 432 1
222 55 1
223 50 1
224 65 1
224 18 1
224 19 1
224 40 1
224 14 1
224 49 1
224 78 1
225 204 1
226 117 1
226 163 1
226 9 1
226 19 1
227 16 1
227 29 1
227 138 1
227 37 1
227 38 1
227 14 1
227 110 1
227 46 1
227 125 1
227 5 1
227 6 1
227 154 1
227 258 1
227 433 1
227 434 1
227 354 1
227 189 1
228 256 1
229 204 1
229 12 1
229 5 1
229 6 1
230 182 1
231 204 1
231 124 1
231 13 1
231 35 1
231 46 1
232 117 1
232 164 1
232 23 1
232 204 1
232 17 1
232 70 1
232 37 1
232 14 1
232 44 1
232 47 1
232 227 1
232 5 1
232 79 1
232 146 1
232 193 1
232 131 1
232 178 1
232 273 1
233 16 1
234 120 1
235 59 1
235 65 1
235 142 1
235 175 1
235 158 1
235 222 1
235 156 1
235 435 1
235 202 1
236 7 1
236 117 1
236 118 1
236 119 1
236 59 1
236 162 1
236 163 1
236 164 1
236 109 1
236 60 1
236 21 1
236 203 1
236 22 1
236 140 1
236 23 1
236 15 1
236 141 1
236 1 1
236 65 1
236 24 1
236 172 1
236 142 1
236 436 1
236 121 1
236 16 1
236 17 1
236 306 1
236 25 1
236 210 1
236 408 1
236 122 1
236 165 1
236 157 1
236 175 1
236 9 1
236 10 1
236 18 1
236 68 1
236 69 1
236 11 1
236 19 1
236 28 1
236 216 1
236 29 1
236 145 1
236 30 1
236 31 1
236 357 1
236 345 1
236 71 1
236 72 1
236 32 1
236 33 1
236 176 1
236 2 1
236 167 1
236 4 1
236 138 1
236 219 1
236 158 1
236 75 1
236 37 1
236 38 1
236 39 1
236 40 1
236 42 1
236 150 1
236 43 1
236 14 1
236 44 1
236 182 1
236 110 1
236 310 1
236 373 1
236 223 1
236 76 1
236 224 1
236 46 1
236 125 1
236 47 1
236 225 1
236 168 1
236 227 1
236 48 1
236 149 1
236 49 1
236 77 1
236 78 1
236 5 1
236 6 1
236 154 1
236 128 1
236 79 1
236 80 1
236 81 1
236 155 1
236 156 1
236 50 1
236 364 1
236 201 1
236 314 1
236 130 1
236 84 1
236 85 1
236 421 1
236 88 1
236 51 1
236 146 1
236 240 1
236 241 1
236 131 1
236 132 1
236 183 1
236 178 1
236 437 1
236 362 1
236 169 1
236 3 1
236 438 1
236 258 1
236 268 1
236 295 1
236 349 1
236 273 1
236 275 1
236 106 1
236 148 1
236 55 1
236 56 1
236 57 1
236 280 1
236 343 1
237 60 1
237 65 1
237 24 1
237 8 1
237 175 1
237 10 1
237 18 1
237 19 1
237 28 1
237 216 1
237 33 1
237 75 1
237 37 1
237 38 1
237 39 1
237 42 1
237 43 1
237 14 1
237 225 1
237 6 1
237 79 1
237 50 1
237 439 1
237 52 1
237 440 1
238 298 1
238 18 1
238 4 1
238 192 1
238 246 1
238 275 1
238 190 1
239 7 1
239 59 1
239 305 1
239 306 1
239 175 1
239 18 1
239 11 1
239 281 1
239 357 1
239 36 1
239 167 1
239 4 1
239 39 1
239 20 1
239 44 1
239 47 1
239 168 1
239 173 1
239 79 1
239 155 1
239 83 1
239 159 1
239 240 1
239 241 1
239 246 1
239 93 1
239 111 1
239 178 1
239 362 1
239 323 1
239 260 1
239 261 1
239 330 1
239 365 1
239 441 1
239 426 1
239 414 1
239 387 1
239 442 1
239 443 1
239 336 1
239 271 1
239 444 1
239 337 1
239 338 1
239 367 1
239 273 1
239 340 1
239 275 1
239 445 1
239 446 1
239 341 1
239 447 1
239 448 1
239 190 1
239 449 1
239 113 1
240 60 1
240 204 1
240 141 1
240 1 1
240 24 1
240 17 1
240 25 1
240 210 1
240 165 1
240 123 1
240 18 1
240 11 1
240 19 1
240 12 1
240 13 1
240 28 1
240 216 1
240 281 1
240 71 1
240 72 1
240 158 1
240 75 1
240 37 1
240 38 1
240 39 1
240 40 1
240 43 1
240 222 1
240 14 1
240 44 1
240 223 1
240 227 1
240 149 1
240 154 1
240 86 1
240 87 1
240 160 1
240 178 1
240 3 1
240 330 1
240 186 1
240 187 1
240 273 1
240 200 1
240 55 1
240 202 1
241 9 1
241 10 1
241 18 1
241 11 1
241 19 1
241 12 1
241 13 1
241 28 1
241 216 1
241 71 1
241 34 1
241 36 1
241 138 1
241 158 1
241 75 1
241 43 1
241 14 1
241 110 1
241 224 1
241 49 1
241 5 1
241 6 1
241 154 1
241 156 1
241 88 1
241 148 1
241 55 1
242 19 1
242 77 1
243 180 1
243 19 1
243 39 1
243 14 1
243 46 1
243 47 1
243 88 1
244 60 1
244 19 1
244 28 1
244 71 1
244 158 1
244 75 1
244 43 1
244 55 1
245 12 1
245 13 1
245 28 1
245 71 1
245 158 1
245 75 1
245 43 1
245 222 1
245 149 1
245 55 1
246 70 1
246 19 1
246 14 1
247 7 1
247 117 1
247 118 1
247 119 1
247 59 1
247 162 1
247 163 1
247 164 1
247 46 1
247 125 1
247 343 1
248 60 1
248 65 1
248 28 1
248 216 1
248 71 1
248 158 1
248 75 1
248 43 1
248 149 1
248 49 1
248 55 1
249 13 1
249 47 1
250 11 1
250 46 1
250 125 1
250 47 1
251 183 1
251 186 1
252 22 1
252 171 1
252 23 1
252 141 1
252 1 1
252 65 1
252 24 1
252 172 1
252 25 1
252 210 1
252 9 1
252 143 1
252 10 1
252 18 1
252 69 1
252 144 1
252 28 1
252 29 1
252 30 1
252 31 1
252 345 1
252 71 1
252 176 1
252 34 1
252 219 1
252 158 1
252 75 1
252 40 1
252 43 1
252 14 1
252 223 1
252 76 1
252 47 1
252 225 1
252 230 1
252 231 1
252 79 1
252 50 1
252 400 1
252 84 1
252 421 1
252 88 1
252 315 1
252 194 1
252 132 1
252 134 1
252 318 1
252 195 1
252 244 1
252 94 1
252 116 1
252 362 1
252 255 1
252 359 1
252 327 1
252 186 1
252 390 1
252 148 1
252 55 1
252 202 1
252 450 1
252 280 1
253 7 1
253 117 1
253 118 1
253 119 1
253 59 1
253 162 1
253 163 1
253 164 1
253 21 1
253 22 1
253 120 1
253 140 1
253 15 1
253 204 1
253 141 1
253 301 1
253 1 1
253 65 1
253 24 1
253 372 1
253 16 1
253 210 1
253 122 1
253 165 1
253 8 1
253 175 1
253 9 1
253 10 1
253 18 1
253 68 1
253 69 1
253 166 1
253 26 1
253 144 1
253 19 1
253 12 1
253 124 1
253 13 1
253 28 1
253 216 1
253 30 1
253 31 1
253 345 1
253 71 1
253 72 1
253 32 1
253 176 1
253 34 1
253 35 1
253 36 1
253 2 1
253 138 1
253 158 1
253 75 1
253 37 1
253 38 1
253 39 1
253 40 1
253 41 1
253 42 1
253 43 1
253 222 1
253 14 1
253 44 1
253 358 1
253 110 1
253 45 1
253 310 1
253 311 1
253 223 1
253 76 1
253 224 1
253 46 1
253 125 1
253 126 1
253 48 1
253 149 1
253 78 1
253 173 1
253 5 1
253 6 1
253 191 1
253 230 1
253 199 1
253 231 1
253 79 1
253 80 1
253 155 1
253 156 1
253 50 1
253 234 1
253 177 1
253 314 1
253 84 1
253 238 1
253 86 1
253 88 1
253 51 1
253 146 1
253 315 1
253 89 1
253 240 1
253 241 1
253 242 1
253 131 1
253 91 1
253 195 1
253 174 1
253 52 1
253 94 1
253 178 1
253 253 1
253 413 1
253 256 1
253 410 1
253 326 1
253 152 1
253 257 1
253 258 1
253 433 1
253 434 1
253 353 1
253 328 1
253 451 1
253 179 1
253 335 1
253 187 1
253 270 1
253 391 1
253 452 1
253 272 1
253 376 1
253 104 1
253 453 1
253 106 1
253 454 1
253 148 1
253 56 1
253 455 1
253 280 1
253 113 1
254 10 1
254 307 1
254 37 1
254 76 1
254 154 1
254 130 1
255 7 1
255 162 1
255 21 1
255 22 1
255 120 1
255 24 1
255 9 1
255 28 1
255 30 1
255 71 1
255 176 1
255 75 1
255 43 1
255 222 1
255 14 1
255 110 1
255 48 1
255 5 1
255 81 1
255 156 1
255 50 1
255 51 1
255 146 1
255 169 1
255 272 1
255 106 1
255 55 1
256 88 1
257 117 1
257 23 1
257 65 1
257 24 1
257 172 1
257 122 1
257 157 1
257 8 1
257 2 1
257 37 1
257 39 1
257 40 1
257 42 1
257 14 1
257 78 1
257 5 1
257 154 1
257 80 1
257 50 1
257 316 1
257 131 1
257 387 1
257 106 1
257 113 1
258 18 1
258 2 1
259 149 1
260 65 1
260 305 1
260 69 1
260 12 1
260 13 1
260 28 1
260 216 1
260 71 1
260 33 1
260 35 1
260 158 1
260 75 1
260 40 1
260 43 1
260 14 1
260 45 1
260 46 1
260 125 1
260 47 1
260 227 1
260 6 1
260 80 1
260 130 1
260 86 1
260 456 1
260 272 1
260 339 1
260 55 1
260 58 1
261 163 1
261 204 1
261 142 1
261 18 1
261 68 1
261 11 1
261 19 1
261 12 1
261 13 1
261 28 1
261 14 1
261 224 1
261 78 1
261 5 1
261 6 1
261 201 1
261 84 1
261 174 1
261 136 1
261 296 1
261 457 1
261 458 1
261 459 1
261 280 1
262 118 1
262 59 1
262 164 1
262 109 1
262 21 1
262 140 1
262 1 1
262 24 1
262 114 1
262 121 1
262 157 1
262 9 1
262 10 1
262 18 1
262 68 1
262 69 1
262 26 1
262 405 1
262 19 1
262 36 1
262 138 1
262 219 1
262 75 1
262 14 1
262 44 1
262 110 1
262 224 1
262 46 1
262 125 1
262 47 1
262 127 1
262 229 1
262 154 1
262 79 1
262 234 1
262 130 1
262 88 1
262 89 1
262 134 1
262 318 1
262 183 1
262 185 1
262 94 1
262 437 1
262 255 1
262 169 1
262 413 1
262 58 1
263 109 1
263 172 1
263 408 1
263 69 1
263 33 1
263 150 1
263 130 1
263 134 1
263 319 1
263 325 1
264 15 1
264 16 1
264 17 1
264 138 1
264 150 1
264 14 1
264 5 1
264 6 1
264 154 1
264 50 1
265 48 1
265 364 1
265 160 1
265 242 1
265 55 1
266 15 1
266 16 1
266 28 1
266 71 1
266 158 1
266 75 1
266 150 1
266 43 1
266 55 1
267 234 1
268 7 1
268 119 1
268 162 1
268 19 1
268 55 1
268 56 1
269 7 1
269 117 1
269 118 1
269 119 1
269 59 1
269 162 1
269 163 1
269 164 1
269 15 1
269 141 1
269 1 1
269 65 1
269 9 1
269 10 1
269 18 1
269 19 1
269 12 1
269 13 1
269 28 1
269 216 1
269 29 1
269 145 1
269 181 1
269 43 1
269 14 1
269 44 1
269 46 1
269 125 1
269 88 1
269 91 1
269 274 1
269 339 1
269 460 1
269 384 1
270 171 1
270 24 1
270 19 1
270 28 1
270 43 1
270 93 1
271 120 1
271 23 1
271 15 1
271 24 1
271 121 1
271 16 1
271 17 1
271 11 1
271 19 1
271 345 1
271 36 1
271 167 1
271 150 1
271 308 1
271 20 1
271 43 1
271 14 1
271 44 1
271 47 1
271 227 1
271 5 1
271 6 1
271 79 1
271 50 1
271 177 1
271 88 1
271 246 1
271 252 1
271 3 1
271 55 1
271 343 1
272 65 1
272 12 1
272 124 1
272 14 1
272 133 1
272 422 1
273 18 1
273 14 1
274 20 1
274 3 1
275 15 1
275 308 1
275 14 1
275 48 1
275 5 1
276 24 1
276 16 1
276 17 1
276 461 1
276 36 1
276 138 1
276 14 1
276 91 1
276 148 1
277 177 1
278 69 1
279 21 1
279 140 1
279 15 1
279 65 1
279 68 1
279 176 1
279 34 1
279 150 1
279 308 1
279 46 1
279 6 1
279 154 1
279 130 1
279 85 1
279 421 1
279 88 1
279 51 1
279 146 1
279 91 1
279 183 1
280 65 1
281 7 1
281 117 1
281 118 1
281 119 1
281 59 1
281 162 1
281 163 1
281 164 1
281 109 1
281 60 1
281 23 1
281 15 1
281 165 1
281 143 1
281 18 1
281 166 1
281 26 1
281 214 1
281 19 1
281 28 1
281 71 1
281 72 1
281 42 1
281 43 1
281 110 1
281 373 1
281 223 1
281 47 1
281 149 1
281 154 1
281 51 1
281 146 1
281 190 1
281 148 1
281 343 1
282 7 1
282 117 1
282 118 1
282 119 1
282 59 1
282 162 1
282 163 1
282 164 1
282 60 1
282 21 1
282 22 1
282 120 1
282 23 1
282 204 1
282 298 1
282 1 1
282 65 1
282 24 1
282 172 1
282 121 1
282 25 1
282 122 1
282 165 1
282 8 1
282 9 1
282 10 1
282 18 1
282 166 1
282 11 1
282 26 1
282 19 1
282 12 1
282 124 1
282 13 1
282 28 1
282 216 1
282 29 1
282 30 1
282 357 1
282 71 1
282 72 1
282 32 1
282 34 1
282 73 1
282 138 1
282 219 1
282 158 1
282 75 1
282 37 1
282 38 1
282 39 1
282 41 1
282 42 1
282 150 1
282 43 1
282 222 1
282 14 1
282 44 1
282 110 1
282 223 1
282 224 1
282 46 1
282 125 1
282 225 1
282 227 1
282 48 1
282 77 1
282 127 1
282 5 1
282 6 1
282 154 1
282 191 1
282 230 1
282 199 1
282 231 1
282 79 1
282 81 1
282 155 1
282 156 1
282 50 1
282 425 1
282 130 1
282 88 1
282 51 1
282 146 1
282 242 1
282 316 1
282 192 1
282 193 1
282 194 1
282 91 1
282 52 1
282 252 1
282 161 1
282 262 1
282 266 1
282 268 1
282 335 1
282 295 1
282 275 1
282 190 1
282 462 1
282 200 1
282 106 1
282 148 1
282 55 1
282 202 1
282 56 1
282 343 1
282 113 1
283 193 1
283 194 1
284 144 1
285 180 1
285 210 1
285 68 1
285 166 1
285 216 1
285 29 1
285 145 1
285 181 1
285 167 1
285 14 1
285 44 1
285 182 1
285 110 1
285 223 1
285 46 1
285 125 1
285 225 1
285 168 1
285 126 1
285 48 1
285 84 1
285 88 1
285 315 1
285 91 1
285 319 1
285 259 1
285 268 1
285 278 1
285 55 1
285 202 1
286 8 1
286 33 1
286 37 1
286 38 1
286 42 1
286 52 1
287 41 1
288 76 1
288 6 1
289 106 1
290 120 1
290 171 1
290 23 1
290 141 1
290 142 1
290 122 1
290 165 1
290 10 1
290 68 1
290 27 1
290 12 1
290 28 1
290 71 1
290 307 1
290 463 1
290 158 1
290 75 1
290 41 1
290 43 1
290 14 1
290 44 1
290 78 1
290 130 1
290 238 1
290 239 1
290 88 1
290 316 1
290 139 1
290 437 1
290 169 1
290 295 1
290 407 1
290 106 1
290 360 1
290 148 1
290 55 1
290 202 1
290 56 1
290 113 1
291 117 1
291 123 1
291 18 1
291 177 1
291 346 1
291 84 1
291 86 1
292 106 1
293 14 1
294 73 1
294 14 1
295 118 1
295 65 1
296 140 1
296 121 1
296 9 1
296 68 1
296 28 1
296 71 1
296 14 1
296 46 1
296 156 1
297 12 1
297 13 1
298 122 1
299 157 1
299 18 1
299 19 1
299 216 1
299 47 1
299 78 1
299 137 1
300 14 1
301 16 1
301 340 1
302 15 1
302 65 1
302 172 1
302 16 1
302 17 1
302 210 1
302 157 1
302 175 1
302 9 1
302 10 1
302 11 1
302 12 1
302 13 1
302 28 1
302 216 1
302 29 1
302 145 1
302 31 1
302 71 1
302 36 1
302 138 1
302 158 1
302 75 1
302 43 1
302 14 1
302 44 1
302 46 1
302 47 1
302 227 1
302 5 1
302 6 1
302 88 1
302 146 1
302 245 1
302 184 1
302 185 1
302 295 1
302 189 1
302 55 1
302 56 1
303 14 1
304 7 1
304 117 1
304 118 1
304 119 1
304 59 1
304 162 1
304 163 1
304 164 1
304 109 1
304 60 1
304 21 1
304 120 1
304 23 1
304 15 1
304 1 1
304 65 1
304 24 1
304 172 1
304 142 1
304 464 1
304 114 1
304 16 1
304 17 1
304 210 1
304 165 1
304 157 1
304 8 1
304 10 1
304 18 1
304 68 1
304 69 1
304 70 1
304 26 1
304 27 1
304 144 1
304 19 1
304 13 1
304 28 1
304 181 1
304 30 1
304 31 1
304 357 1
304 217 1
304 71 1
304 32 1
304 33 1
304 34 1
304 35 1
304 138 1
304 158 1
304 75 1
304 37 1
304 38 1
304 39 1
304 43 1
304 222 1
304 14 1
304 110 1
304 45 1
304 223 1
304 76 1
304 224 1
304 46 1
304 47 1
304 225 1
304 48 1
304 77 1
304 173 1
304 5 1
304 6 1
304 409 1
304 191 1
304 230 1
304 199 1
304 231 1
304 79 1
304 80 1
304 81 1
304 155 1
304 156 1
304 50 1
304 234 1
304 130 1
304 84 1
304 238 1
304 88 1
304 51 1
304 146 1
304 242 1
304 316 1
304 131 1
304 134 1
304 195 1
304 52 1
304 93 1
304 53 1
304 54 1
304 178 1
304 253 1
304 3 1
304 325 1
304 260 1
304 335 1
304 295 1
304 272 1
304 273 1
304 445 1
304 148 1
304 55 1
304 202 1
304 56 1
304 280 1
304 113 1
304 58 1
305 56 1
306 21 1
306 30 1
306 31 1
306 126 1
306 88 1
306 280 1
307 7 1
307 117 1
307 118 1
307 119 1
307 59 1
307 162 1
307 163 1
307 164 1
307 109 1
307 60 1
307 21 1
307 203 1
307 22 1
307 140 1
307 171 1
307 23 1
307 204 1
307 141 1
307 65 1
307 24 1
307 142 1
307 121 1
307 17 1
307 210 1
307 175 1
307 9 1
307 10 1
307 18 1
307 68 1
307 69 1
307 11 1
307 19 1
307 12 1
307 124 1
307 13 1
307 28 1
307 29 1
307 30 1
307 31 1
307 345 1
307 71 1
307 307 1
307 32 1
307 33 1
307 35 1
307 2 1
307 73 1
307 167 1
307 138 1
307 219 1
307 37 1
307 38 1
307 39 1
307 40 1
307 41 1
307 43 1
307 14 1
307 44 1
307 358 1
307 182 1
307 110 1
307 310 1
307 373 1
307 311 1
307 223 1
307 46 1
307 125 1
307 47 1
307 225 1
307 168 1
307 227 1
307 48 1
307 149 1
307 77 1
307 173 1
307 6 1
307 81 1
307 50 1
307 364 1
307 84 1
307 88 1
307 51 1
307 146 1
307 131 1
307 247 1
307 52 1
307 252 1
307 348 1
307 178 1
307 268 1
307 390 1
307 465 1
307 272 1
307 368 1
307 200 1
307 55 1
307 57 1
307 280 1
307 113 1
308 165 1
308 69 1
308 224 1
308 253 1
309 46 1
309 125 1
310 15 1
310 24 1
310 17 1
310 213 1
310 26 1
310 13 1
310 138 1
310 219 1
310 75 1
310 42 1
310 224 1
310 149 1
310 127 1
310 5 1
310 6 1
310 154 1
310 128 1
310 79 1
310 80 1
310 81 1
310 130 1
310 51 1
310 146 1
310 243 1
310 90 1
310 93 1
310 106 1
311 12 1
311 13 1
312 65 1
313 120 1
313 18 1
313 68 1
313 19 1
313 156 1
314 7 1
314 118 1
314 114 1
314 28 1
314 29 1
314 75 1
314 168 1
314 128 1
314 79 1
314 196 1
314 466 1
315 60 1
315 31 1
315 116 1
316 149 1
317 7 1
317 117 1
317 118 1
317 119 1
317 59 1
317 162 1
317 163 1
317 164 1
317 140 1
317 12 1
317 124 1
317 13 1
318 12 1
318 28 1
318 71 1
318 158 1
318 75 1
318 43 1
318 240 1
318 55 1
319 11 1
319 19 1
319 13 1
319 14 1
319 46 1
319 125 1
319 49 1
319 238 1
319 91 1
319 252 1
320 65 1
320 24 1
320 175 1
320 125 1
320 238 1
320 194 1
320 252 1
321 117 1
321 109 1
321 65 1
321 24 1
321 142 1
321 9 1
321 18 1
321 28 1
321 216 1
321 29 1
321 145 1
321 30 1
321 73 1
321 46 1
321 47 1
321 5 1
321 6 1
321 154 1
321 88 1
321 200 1
321 113 1
322 47 1
323 117 1
323 21 1
323 203 1
323 142 1
323 305 1
323 17 1
323 27 1
323 19 1
323 28 1
323 216 1
323 30 1
323 43 1
323 222 1
323 14 1
323 44 1
323 227 1
323 149 1
323 6 1
323 191 1
323 230 1
323 199 1
323 231 1
323 282 1
323 283 1
323 380 1
323 86 1
323 245 1
323 365 1
323 349 1
324 400 1
324 328 1
324 263 1
324 412 1
325 18 1
325 86 1
325 362 1
326 65 1
326 114 1
326 219 1
326 38 1
326 150 1
326 126 1
326 86 1
326 185 1
326 254 1
326 261 1
326 187 1
326 453 1
326 460 1
327 65 1
327 10 1
327 31 1
327 349 1
327 113 1
328 7 1
328 117 1
328 118 1
328 119 1
328 109 1
328 60 1
328 22 1
328 120 1
328 140 1
328 15 1
328 204 1
328 141 1
328 467 1
328 65 1
328 24 1
328 172 1
328 468 1
328 114 1
328 305 1
328 121 1
328 16 1
328 17 1
328 210 1
328 8 1
328 9 1
328 10 1
328 18 1
328 68 1
328 69 1
328 26 1
328 214 1
328 27 1
328 144 1
328 405 1
328 12 1
328 124 1
328 13 1
328 28 1
328 29 1
328 30 1
328 31 1
328 357 1
328 32 1
328 176 1
328 34 1
328 35 1
328 36 1
328 73 1
328 4 1
328 138 1
328 37 1
328 38 1
328 39 1
328 40 1
328 41 1
328 42 1
328 43 1
328 14 1
328 110 1
328 223 1
328 224 1
328 46 1
328 125 1
328 47 1
328 225 1
328 126 1
328 48 1
328 149 1
328 77 1
328 78 1
328 173 1
328 5 1
328 6 1
328 128 1
328 129 1
328 81 1
328 155 1
328 50 1
328 364 1
328 234 1
328 314 1
328 425 1
328 130 1
328 88 1
328 51 1
328 146 1
328 194 1
328 131 1
328 91 1
328 286 1
328 287 1
328 288 1
328 289 1
328 290 1
328 291 1
328 292 1
328 293 1
328 244 1
328 53 1
328 94 1
328 178 1
328 253 1
328 263 1
328 267 1
328 469 1
328 349 1
328 470 1
328 273 1
328 445 1
328 471 1
328 472 1
328 200 1
328 55 1
328 56 1
328 280 1
328 343 1
328 113 1
328 58 1
329 216 1
329 29 1
329 145 1
330 109 1
330 65 1
330 473 1
330 175 1
330 18 1
330 68 1
330 11 1
330 167 1
330 40 1
330 14 1
330 47 1
330 50 1
330 91 1
330 246 1
330 321 1
330 113 1
331 18 1
331 182 1
332 109 1
332 15 1
332 16 1
332 17 1
332 2 1
332 138 1
332 150 1
332 43 1
332 127 1
332 88 1
332 146 1
332 3 1
332 106 1
333 306 1
334 14 1
334 50 1
335 88 1
336 474 1
336 298 1
336 1 1
336 65 1
336 122 1
336 9 1
336 10 1
336 212 1
336 144 1
336 13 1
336 461 1
336 475 1
336 14 1
336 116 1
336 262 1
336 456 1
336 147 1
336 367 1
336 368 1
336 460 1
336 384 1
336 153 1
337 19 1
338 18 1
338 12 1
338 124 1
338 217 1
338 33 1
338 35 1
338 138 1
338 43 1
338 14 1
338 110 1
338 47 1
338 362 1
339 15 1
339 1 1
339 17 1
339 175 1
339 30 1
339 31 1
339 41 1
339 280 1
340 22 1
340 11 1
340 281 1
340 110 1
340 50 1
340 135 1
340 252 1
341 7 1
341 117 1
341 118 1
341 119 1
341 59 1
341 162 1
341 163 1
341 164 1
341 23 1
341 141 1
341 1 1
341 210 1
341 175 1
341 28 1
341 29 1
341 71 1
341 33 1
341 158 1
341 75 1
341 43 1
341 227 1
341 5 1
341 6 1
341 154 1
341 81 1
341 88 1
341 146 1
341 132 1
341 136 1
341 169 1
341 258 1
341 433 1
341 434 1
341 55 1
342 22 1
342 15 1
342 16 1
342 150 1
342 5 1
342 6 1
342 154 1
342 146 1
343 9 1
343 217 1
343 225 1
343 161 1
343 106 1
343 454 1
343 278 1
344 364 1
345 7 1
345 157 1
345 143 1
345 405 1
345 461 1
345 222 1
345 14 1
345 126 1
345 229 1
345 154 1
345 128 1
345 129 1
345 199 1
345 346 1
345 131 1
345 132 1
345 244 1
345 53 1
345 54 1
345 255 1
345 58 1
346 44 1
346 88 1
346 51 1
346 146 1
347 117 1
347 120 1
347 10 1
347 11 1
347 14 1
347 50 1
347 192 1
347 441 1
347 188 1
347 200 1
348 7 1
348 10 1
348 88 1
348 320 1
349 7 1
349 117 1
349 118 1
349 119 1
349 59 1
349 162 1
349 163 1
349 164 1
349 476 1
349 46 1
349 125 1
349 236 1
349 161 1
349 271 1
349 343 1
350 59 1
350 1 1
350 58 1
351 28 1
351 110 1
351 349 1
352 50 1
353 163 1
353 21 1
353 203 1
353 120 1
353 121 1
353 122 1
353 12 1
353 124 1
353 28 1
353 29 1
353 36 1
353 4 1
353 150 1
353 222 1
353 182 1
353 76 1
353 227 1
353 49 1
353 5 1
353 6 1
353 154 1
353 79 1
353 80 1
353 155 1
353 156 1
353 159 1
353 88 1
353 106 1
353 148 1
353 55 1
353 202 1
354 5 1
355 180 1
355 175 1
355 10 1
355 18 1
355 68 1
355 11 1
355 14 1
355 5 1
355 6 1
355 50 1
355 112 1
355 55 1
356 204 1
356 141 1
356 18 1
356 11 1
356 12 1
356 13 1
356 30 1
356 176 1
356 47 1
356 374 1
356 86 1
356 116 1
356 178 1
356 349 1
357 138 1
357 14 1
357 110 1
357 178 1
358 175 1
359 18 1
359 68 1
360 191 1
360 230 1
360 199 1
360 231 1
361 51 1
361 146 1
361 131 1
362 7 1
362 124 1
362 13 1
362 14 1
362 178 1
363 175 1
363 19 1
364 7 1
364 162 1
364 163 1
364 109 1
364 60 1
364 21 1
364 22 1
364 120 1
364 140 1
364 23 1
364 15 1
364 204 1
364 477 1
364 141 1
364 1 1
364 65 1
364 24 1
364 172 1
364 142 1
364 180 1
364 114 1
364 305 1
364 121 1
364 17 1
364 25 1
364 210 1
364 122 1
364 123 1
364 157 1
364 8 1
364 175 1
364 9 1
364 10 1
364 18 1
364 68 1
364 69 1
364 70 1
364 166 1
364 11 1
364 26 1
364 214 1
364 19 1
364 13 1
364 28 1
364 216 1
364 29 1
364 145 1
364 30 1
364 31 1
364 281 1
364 357 1
364 345 1
364 217 1
364 71 1
364 72 1
364 32 1
364 33 1
364 34 1
364 35 1
364 36 1
364 2 1
364 73 1
364 138 1
364 219 1
364 158 1
364 37 1
364 38 1
364 39 1
364 41 1
364 150 1
364 43 1
364 222 1
364 14 1
364 182 1
364 110 1
364 223 1
364 224 1
364 46 1
364 125 1
364 47 1
364 225 1
364 227 1
364 48 1
364 49 1
364 77 1
364 78 1
364 173 1
364 5 1
364 154 1
364 128 1
364 191 1
364 230 1
364 199 1
364 231 1
364 282 1
364 283 1
364 80 1
364 81 1
364 50 1
364 364 1
364 234 1
364 177 1
364 425 1
364 130 1
364 239 1
364 86 1
364 88 1
364 51 1
364 146 1
364 160 1
364 316 1
364 192 1
364 193 1
364 194 1
364 243 1
364 90 1
364 131 1
364 134 1
364 91 1
364 244 1
364 92 1
364 52 1
364 93 1
364 53 1
364 54 1
364 478 1
364 252 1
364 178 1
364 437 1
364 362 1
364 255 1
364 169 1
364 112 1
364 258 1
364 433 1
364 434 1
364 259 1
364 260 1
364 261 1
364 328 1
364 479 1
364 97 1
364 262 1
364 264 1
364 265 1
364 267 1
364 196 1
364 480 1
364 269 1
364 402 1
364 403 1
364 481 1
364 482 1
364 349 1
364 483 1
364 484 1
364 485 1
364 443 1
364 486 1
364 487 1
364 367 1
364 272 1
364 273 1
364 428 1
364 104 1
364 447 1
364 276 1
364 106 1
364 107 1
364 148 1
364 56 1
364 488 1
364 57 1
365 60 1
365 124 1
365 13 1
366 162 1
366 15 1
366 204 1
366 141 1
366 16 1
366 10 1
366 19 1
366 216 1
366 228 1
366 89 1
366 169 1
367 121 1
368 150 1
369 17 1
369 138 1
369 192 1
369 193 1
369 194 1
369 178 1
369 273 1
370 59 1
370 109 1
370 23 1
370 15 1
370 204 1
370 65 1
370 24 1
370 172 1
370 180 1
370 114 1
370 17 1
370 165 1
370 8 1
370 143 1
370 18 1
370 68 1
370 26 1
370 214 1
370 405 1
370 19 1
370 216 1
370 31 1
370 32 1
370 167 1
370 219 1
370 37 1
370 38 1
370 39 1
370 14 1
370 223 1
370 224 1
370 46 1
370 125 1
370 48 1
370 230 1
370 155 1
370 50 1
370 400 1
370 313 1
370 177 1
370 51 1
370 316 1
370 192 1
370 131 1
370 106 1
370 148 1
370 55 1
371 124 1
371 281 1
371 36 1
371 38 1
372 489 1
372 227 1
373 120 1
373 28 1
373 71 1
373 158 1
373 75 1
373 43 1
374 22 1
374 120 1
374 28 1
374 71 1
374 72 1
374 43 1
374 222 1
374 56 1
375 42 1
375 225 1
375 130 1
375 135 1
375 252 1
375 136 1
375 56 1
376 305 1
376 143 1
376 18 1
376 213 1
376 198 1
376 19 1
376 29 1
376 75 1
376 14 1
376 47 1
376 5 1
376 191 1
376 490 1
376 401 1
376 86 1
376 92 1
376 135 1
376 252 1
376 178 1
376 3 1
376 196 1
376 170 1
376 187 1
376 491 1
376 428 1
377 109 1
377 60 1
377 140 1
377 171 1
377 23 1
377 15 1
377 298 1
377 492 1
377 493 1
377 65 1
377 24 1
377 172 1
377 372 1
377 16 1
377 17 1
377 210 1
377 165 1
377 123 1
377 8 1
377 175 1
377 9 1
377 10 1
377 18 1
377 166 1
377 19 1
377 12 1
377 124 1
377 28 1
377 29 1
377 30 1
377 31 1
377 71 1
377 33 1
377 36 1
377 2 1
377 73 1
377 138 1
377 219 1
377 158 1
377 75 1
377 37 1
377 38 1
377 39 1
377 40 1
377 42 1
377 43 1
377 14 1
377 44 1
377 182 1
377 223 1
377 46 1
377 125 1
377 225 1
377 227 1
377 77 1
377 78 1
377 173 1
377 6 1
377 154 1
377 409 1
377 50 1
377 177 1
377 88 1
377 51 1
377 146 1
377 91 1
377 286 1
377 287 1
377 288 1
377 289 1
377 290 1
377 291 1
377 292 1
377 293 1
377 52 1
377 53 1
377 94 1
377 254 1
377 112 1
377 328 1
377 349 1
377 445 1
377 471 1
377 200 1
377 106 1
377 148 1
377 55 1
377 56 1
377 494 1
377 280 1
377 113 1
377 58 1
378 109 1
378 171 1
378 65 1
378 24 1
378 17 1
378 9 1
378 10 1
378 18 1
378 19 1
378 124 1
378 13 1
378 28 1
378 216 1
378 30 1
378 34 1
378 35 1
378 2 1
378 158 1
378 75 1
378 37 1
378 40 1
378 42 1
378 43 1
378 222 1
378 14 1
378 110 1
378 45 1
378 223 1
378 46 1
378 126 1
378 77 1
378 127 1
378 191 1
378 84 1
378 87 1
378 88 1
378 51 1
378 146 1
378 242 1
378 193 1
378 131 1
378 135 1
378 362 1
378 169 1
378 327 1
378 495 1
378 106 1
378 148 1
379 80 1
379 81 1
380 24 1
380 10 1
380 28 1
380 71 1
380 158 1
380 43 1
380 14 1
380 168 1
380 227 1
380 77 1
381 2 1
382 19 1
382 281 1
382 150 1
382 160 1
382 362 1
382 295 1
382 148 1
383 9 1
383 10 1
383 14 1
383 116 1
383 148 1
